0 0.3546875 0.278125 0.084375 0.0765625
0 0.29375 0.14765625 0.1 0.084375
0 0.26484375 0.25859375 0.0640625 0.0640625
0 0.69140625 0.2125 0.078125 0.07421875
0 0.721875 0.11796875 0.0953125 0.053125
0 0.8 0.171875 0.040625 0.05078125
0 0.28515625 0.471875 0.0703125 0.06875
0 0.4 0.5265625 0.0703125 0.06875
0 0.496875 0.62578125 0.18125 0.084375
0 0.5921875 0.56875 0.0625 0.0546875
0 0.7015625 0.60078125 0.0625 0.0953125
0 0.703125 0.875 0.07421875 0.08203125
0 0.66015625 0.7453125 0.08984375 0.084375
0 0.25390625 0.93125 0.10546875 0.0625
0 0.15546875 0.66796875 0.1890625 0.14453125
0 0.8578125 0.35859375 0.23046875 0.134375