0 0.1734375 0.23515625 0.08984375 0.06875
0 0.56328125 0.1484375 0.1 0.16796875
0 0.2390625 0.83984375 0.084375 0.1015625
0 0.5421875 0.74921875 0.134375 0.1234375
0 0.7421875 0.93828125 0.13671875 0.0765625
0 0.7484375 0.41015625 0.15625 0.10546875
0 0.7640625 0.0984375 0.16015625 0.178125
0 0.29609375 0.0484375 0.1078125 0.046875
0 0.51875 0.903125 0.1265625 0.1265625
0 0.3359375 0.8203125 0.08984375 0.09765625
0 0.303125 0.9046875 0.0703125 0.078125
0 0.034375 0.92265625 0.0640625 0.11875
0 0.0453125 0.746875 0.0703125 0.06875
0 0.24140625 0.1703125 0.084375 0.046875
0 0.31953125 0.17109375 0.071875 0.1