0 0.178125 0.21796875 0.08984375 0.115625
0 0.1046875 0.35625 0.0765625 0.084375
0 0.16796875 0.5078125 0.11328125 0.109375
0 0.30625 0.5640625 0.14453125 0.09375
0 0.5375 0.4 0.0859375 0.06640625
0 0.46953125 0.70390625 0.11875 0.1
0 0.4109375 0.82421875 0.1578125 0.1171875
0 0.78984375 0.384375 0.0875 0.08203125
0 0.634375 0.54765625 0.06640625 0.0609375
0 0.8421875 0.6796875 0.0625 0.0625
0 0.096875 0.93125 0.1421875 0.1171875
0 0.29375 0.23046875 0.06875 0.0546875
0 0.8234375 0.4671875 0.0796875 0.0625