0 0.45390625 0.378125 0.0953125 0.0953125
0 0.3015625 0.1203125 0.1 0.1
0 0.128125 0.33671875 0.1078125 0.1078125
0 0.06953125 0.50703125 0.103125 0.103125
0 0.1015625 0.6328125 0.140625 0.140625
0 0.690625 0.74296875 0.13125 0.13125
0 0.71953125 0.53046875 0.084375 0.084375
0 0.60234375 0.4796875 0.0765625 0.0765625
0 0.3328125 0.2546875 0.1 0.1
0 0.7578125 0.07421875 0.11328125 0.11328125
0 0.8640625 0.3390625 0.165625 0.165625
0 0.69921875 0.86328125 0.10546875 0.10546875
0 0.309375 0.78984375 0.0765625 0.0765625