0 0.69921875 0.6359375 0.0703125 0.06875
0 0.8125 0.64140625 0.11328125 0.084375
0 0.5984375 0.3609375 0.0765625 0.08203125
0 0.778125 0.434375 0.053125 0.053125
0 0.75625 0.2796875 0.07421875 0.078125
0 0.7640625 0.1625 0.06640625 0.07421875
0 0.0875 0.2859375 0.078125 0.0921875
0 0.1953125 0.1234375 0.15625 0.10546875
0 0.159375 0.621875 0.1890625 0.2125
0 0.23828125 0.78125 0.1015625 0.078125
0 0.3671875 0.7484375 0.14453125 0.09375
0 0.69609375 0.80625 0.2125 0.1015625
0 0.634375 0.046875 0.1015625 0.08984375