0 0.171875 0.1984375 0.07421875 0.0484375
0 0.3375 0.546875 0.06640625 0.05078125
0 0.1578125 0.53046875 0.09375 0.0640625
0 0.5484375 0.403125 0.09765625 0.053125
0 0.465625 0.703125 0.1078125 0.09375
0 0.39375 0.84296875 0.06875 0.0640625
0 0.0953125 0.92578125 0.12890625 0.1015625
0 0.79609375 0.390625 0.0765625 0.05859375
0 0.63984375 0.55 0.05625 0.0453125
0 0.0984375 0.36640625 0.071875 0.0765625
0 0.83125 0.46796875 0.0953125 0.0640625
0 0.26640625 0.55546875 0.0640625 0.0609375
0 0.18828125 0.4734375 0.06875 0.053125
0 0.17890625 0.25 0.05625 0.05078125
0 0.290625 0.2296875 0.05859375 0.05625
0 0.97578125 0.24296875 0.0453125 0.06875
0 0.77734375 0.20234375 0.0625 0.0484375
0 0.840625 0.6703125 0.0453125 0.06640625
0 0.4203125 0.790625 0.078125 0.06640625