0 0.40234375 0.546875 0.109375 0.1796875
0 0.2140625 0.83671875 0.1234375 0.18125
0 0.17265625 0.0921875 0.1 0.09765625
0 0.17578125 0.19140625 0.09375 0.0625
0 0.4875 0.1453125 0.0765625 0.0640625
0 0.659375 0.31953125 0.05625 0.084375
0 0.9421875 0.58671875 0.0921875 0.2671875
0 0.7859375 0.725 0.0640625 0.078125
0 0.8875 0.82734375 0.0796875 0.071875
0 0.67109375 0.7203125 0.0609375 0.05859375
0 0.19609375 0.56328125 0.0875 0.0953125
0 0.7765625 0.09375 0.071875 0.0859375
0 0.9171875 0.30078125 0.0640625 0.05078125
1 0.9375 0.07734375 0.125 0.1390625