0 0.06875 0.84453125 0.125 0.2640625
0 0.34765625 0.8265625 0.078125 0.08203125
0 0.3421875 0.578125 0.0546875 0.0546875
0 0.259375 0.5921875 0.08203125 0.078125
0 0.4453125 0.49140625 0.140625 0.0921875
0 0.58671875 0.5171875 0.0796875 0.1171875
0 0.63125 0.73515625 0.140625 0.071875
0 0.4484375 0.7125 0.0609375 0.0625
0 0.715625 0.228125 0.115625 0.06640625
0 0.9453125 0.27265625 0.0546875 0.0953125
0 0.32109375 0.24140625 0.05625 0.071875
0 0.228125 0.8046875 0.06640625 0.0859375
0 0.88125 0.6140625 0.05859375 0.0796875
0 0.359375 0.9265625 0.05859375 0.06875