0 0.62890625 0.659375 0.09375 0.084375
0 0.79765625 0.60234375 0.071875 0.053125
0 0.30625 0.696875 0.06640625 0.0625
0 0.61328125 0.8765625 0.16015625 0.15625
0 0.3234375 0.55390625 0.0609375 0.05625
0 0.921875 0.8671875 0.15625 0.1484375
0 0.665625 0.5375 0.06640625 0.046875
0 0.56875 0.4890625 0.06640625 0.071875
0 0.665625 0.4625 0.06640625 0.05078125
0 0.74375 0.51875 0.05859375 0.053125
0 0.10625 0.39375 0.0765625 0.05625
0 0.18046875 0.175 0.06875 0.05625
0 0.6125 0.18671875 0.06875 0.0765625
0 0.80390625 0.15 0.1109375 0.16015625
0 0.7765625 0.3453125 0.1421875 0.1328125
0 0.91015625 0.41875 0.15625 0.084375